Sum:3+4i
Difference:-3-4i
Product:3.12966e-311+3.12966e-311i
